#OTU ID	SZMB12	SZMB7	SZMB6	SZMB5	SZMB9	SZMB10
1016598	0	1	0	0	0	1
102471	0	2	0	0	0	0
1034960	0	0	0	1	0	1
104144	0	0	0	0	0	2
1056816	0	0	1	1	0	0
1105459	0	0	0	0	2	0
110858	0	0	2	0	0	0
1111216	0	0	2	0	0	0
1111782	1	0	0	1	0	0
1121455	0	0	0	1	0	1
1128341	2	0	0	0	0	0
1129180	0	1	0	1	0	0
113003	1	1	0	0	0	0
129401	0	0	0	1	0	1
132991	0	2	0	0	0	0
136044	0	0	0	0	0	2
134399	0	0	0	1	0	1
141145	2	0	0	0	0	0
151647	0	0	0	1	1	0
157772	0	0	2	0	0	0
16034	0	0	1	1	0	0
161997	0	1	0	1	0	0
1691506	2	0	0	0	0	0
16925	0	0	0	2	0	0
174747	0	1	0	0	1	0
175125	0	0	0	0	0	2
175180	0	1	0	0	1	0
175630	0	0	0	2	0	0
175729	1	0	0	1	0	0
178478	0	0	0	2	0	0
176753	1	1	0	0	0	0
176604	0	1	1	0	0	0
177039	0	0	0	2	0	0
179572	0	0	0	0	1	1
180067	2	0	0	0	0	0
180826	0	0	0	1	1	0
181719	0	0	0	1	0	1
181940	0	0	0	0	1	1
182133	0	0	0	0	0	2
182647	0	0	1	0	0	1
184249	0	0	2	0	0	0
182933	0	2	0	0	0	0
183579	0	2	0	0	0	0
184339	0	2	0	0	0	0
184770	1	0	0	0	1	0
184805	0	0	1	0	1	0
185232	1	1	0	0	0	0
185972	0	1	1	0	0	0
187051	0	1	0	1	0	0
186872	0	0	0	0	2	0
187155	0	0	0	0	2	0
187386	1	0	0	0	1	0
187350	0	0	2	0	0	0
188966	0	1	0	0	1	0
189708	0	1	0	1	0	0
189346	0	0	1	0	1	0
189624	0	2	0	0	0	0
189877	0	2	0	0	0	0
190116	0	0	0	0	2	0
190226	0	0	2	0	0	0
191251	0	0	0	0	1	1
191884	0	1	1	0	0	0
192015	0	0	0	1	1	0
192504	0	0	1	1	0	0
193139	0	0	1	0	1	0
194014	0	1	1	0	0	0
194287	0	1	0	0	1	0
194733	0	2	0	0	0	0
194761	0	1	0	0	1	0
194944	0	0	2	0	0	0
195211	0	0	2	0	0	0
196191	2	0	0	0	0	0
196135	0	1	0	0	1	0
196844	1	0	0	1	0	0
196990	0	2	0	0	0	0
198449	0	1	0	0	0	1
198503	0	0	0	0	0	2
199268	0	0	2	0	0	0
204369	2	0	0	0	0	0
2051608	0	2	0	0	0	0
205613	0	1	0	0	1	0
2058521	0	0	1	0	0	1
207023	0	0	0	0	0	2
212807	1	1	0	0	0	0
2177996	1	0	0	0	0	1
219154	0	0	0	0	2	0
22371	0	2	0	0	0	0
227697	1	0	0	1	0	0
228787	1	0	1	0	0	0
229958	0	0	0	0	0	2
2309802	1	0	0	0	0	1
233052	0	0	0	0	2	0
235127	0	0	0	0	2	0
2442706	0	0	2	0	0	0
243911	0	0	2	0	0	0
24546	2	0	0	0	0	0
248492	0	0	1	0	0	1
2545820	0	1	1	0	0	0
258099	0	0	0	1	0	1
258202	0	1	0	0	0	1
259677	1	0	0	0	0	1
261891	0	2	0	0	0	0
263390	0	0	0	0	1	1
264211	0	0	1	1	0	0
264009	0	2	0	0	0	0
264023	0	0	0	0	0	2
264572	0	1	0	0	1	0
265316	0	2	0	0	0	0
265925	0	1	0	0	0	1
267718	1	1	0	0	0	0
267612	0	0	0	0	0	2
267789	0	0	0	0	0	2
271430	0	0	0	1	0	1
274176	0	1	0	0	0	1
275288	0	1	1	0	0	0
276761	1	0	1	0	0	0
278098	0	0	1	0	1	0
279306	2	0	0	0	0	0
2797565	0	2	0	0	0	0
287589	1	1	0	0	0	0
287700	0	2	0	0	0	0
287880	0	1	0	1	0	0
289402	0	1	1	0	0	0
289426	0	0	0	0	0	2
289841	1	0	1	0	0	0
290251	0	0	0	0	0	2
291266	0	0	1	0	0	1
291206	0	0	0	2	0	0
291267	0	1	0	1	0	0
291722	0	0	0	1	1	0
291881	0	1	0	0	1	0
292074	1	0	0	0	1	0
292426	0	0	0	2	0	0
292585	0	0	0	2	0	0
292688	0	0	1	0	1	0
293101	0	0	0	2	0	0
294564	0	1	1	0	0	0
295074	1	0	0	1	0	0
295100	0	0	1	1	0	0
295981	0	0	0	2	0	0
296010	0	2	0	0	0	0
296941	0	0	0	1	1	0
298804	1	0	0	1	0	0
298695	0	0	0	2	0	0
299267	2	0	0	0	0	0
300435	0	0	1	1	0	0
300607	1	1	0	0	0	0
300596	1	1	0	0	0	0
300774	1	0	0	1	0	0
301816	0	1	0	0	0	1
303279	0	0	0	1	1	0
306633	0	1	0	0	0	1
303627	0	0	2	0	0	0
304099	1	1	0	0	0	0
304075	1	0	0	0	1	0
304416	0	1	0	0	0	1
304757	0	0	1	1	0	0
306020	0	0	1	1	0	0
306755	0	2	0	0	0	0
307204	0	0	0	0	2	0
307640	0	0	0	0	2	0
307900	0	0	2	0	0	0
308760	0	1	0	0	0	1
309745	0	0	2	0	0	0
310490	0	1	0	0	0	1
311564	1	0	1	0	0	0
311997	0	1	1	0	0	0
313736	1	1	0	0	0	0
314204	0	2	0	0	0	0
316550	0	0	0	0	1	1
317211	1	1	0	0	0	0
319621	0	0	0	0	0	2
320332	0	0	1	1	0	0
321290	0	0	0	0	2	0
321983	0	2	0	0	0	0
322136	0	2	0	0	0	0
322562	0	1	0	1	0	0
322392	2	0	0	0	0	0
323537	0	1	0	1	0	0
324020	0	1	0	0	0	1
325489	0	0	0	0	2	0
326013	0	0	0	1	1	0
327218	0	1	1	0	0	0
327741	0	0	1	1	0	0
330294	0	1	0	0	1	0
330352	0	2	0	0	0	0
330645	0	0	0	0	1	1
3308041	0	0	0	2	0	0
332564	0	0	0	0	0	2
332929	0	0	1	0	0	1
333652	0	0	1	1	0	0
333768	1	0	0	0	0	1
334459	2	0	0	0	0	0
334573	2	0	0	0	0	0
334699	0	0	2	0	0	0
334797	0	0	2	0	0	0
334956	0	0	1	1	0	0
335071	0	1	0	0	0	1
335268	0	0	0	1	1	0
335488	0	0	1	0	0	1
335675	0	1	1	0	0	0
336037	0	0	1	1	0	0
336281	0	0	2	0	0	0
336508	0	0	2	0	0	0
336890	0	0	1	0	0	1
337080	0	2	0	0	0	0
337465	0	2	0	0	0	0
337551	0	1	0	1	0	0
337636	0	1	1	0	0	0
338111	1	0	0	0	1	0
338195	0	0	0	2	0	0
338626	0	0	0	0	0	2
339035	0	1	0	0	1	0
339504	0	1	0	0	1	0
339905	0	1	0	0	0	1
340547	1	0	0	0	1	0
343679	0	0	0	2	0	0
3443092	0	1	1	0	0	0
344512	0	0	0	1	0	1
344823	0	0	0	0	0	2
345582	0	1	0	0	0	1
346350	0	0	2	0	0	0
346316	0	0	0	1	0	1
348272	0	0	0	1	1	0
3472078	2	0	0	0	0	0
347523	0	2	0	0	0	0
3479426	2	0	0	0	0	0
348748	0	2	0	0	0	0
348897	0	0	0	1	0	1
349145	0	2	0	0	0	0
349902	0	2	0	0	0	0
350175	0	0	1	1	0	0
350301	0	0	0	0	0	2
350337	0	2	0	0	0	0
350834	0	0	0	2	0	0
350970	0	0	1	1	0	0
351126	0	0	0	1	0	1
351583	2	0	0	0	0	0
351299	0	1	0	1	0	0
353085	0	0	1	0	0	1
352902	0	1	1	0	0	0
352933	0	0	0	0	2	0
353631	0	0	0	0	1	1
353696	0	0	1	0	1	0
354461	0	0	0	2	0	0
354662	1	1	0	0	0	0
354908	0	0	0	2	0	0
355940	1	0	0	0	1	0
356164	0	0	2	0	0	0
356357	0	1	0	0	1	0
358008	1	1	0	0	0	0
357529	0	0	1	1	0	0
359376	0	1	0	0	1	0
358483	0	0	0	1	0	1
358798	0	1	0	1	0	0
360761	0	1	1	0	0	0
360504	0	2	0	0	0	0
360890	0	0	2	0	0	0
362078	0	0	0	1	1	0
369996	0	1	1	0	0	0
369014	0	1	0	0	0	1
369822	0	0	2	0	0	0
3715618	0	1	0	1	0	0
372622	1	1	0	0	0	0
380534	0	0	0	0	0	2
381694	0	1	1	0	0	0
4004993	0	0	1	1	0	0
399245	0	1	0	0	0	1
410242	0	1	0	0	1	0
4178726	1	0	0	1	0	0
4232045	0	2	0	0	0	0
426638	0	0	0	1	0	1
4303991	1	0	1	0	0	0
4304475	0	2	0	0	0	0
4308811	0	0	0	2	0	0
4315782	0	1	0	0	1	0
4329450	0	0	0	1	1	0
4334844	2	0	0	0	0	0
4340358	2	0	0	0	0	0
4346168	0	0	0	1	1	0
4344860	1	1	0	0	0	0
4361531	2	0	0	0	0	0
4379247	0	0	0	2	0	0
4380813	0	2	0	0	0	0
4381639	2	0	0	0	0	0
4387246	0	1	0	0	0	1
4395096	0	0	1	0	0	1
4405423	0	1	0	1	0	0
441468	0	0	1	0	1	0
4427335	0	0	2	0	0	0
4429981	0	0	1	0	0	1
4434073	0	2	0	0	0	0
4442841	1	0	0	0	1	0
4445672	0	0	0	2	0	0
44560	0	2	0	0	0	0
4455677	0	2	0	0	0	0
4462107	0	2	0	0	0	0
4458039	0	0	0	2	0	0
4469167	1	1	0	0	0	0
4473116	1	0	0	1	0	0
4474844	0	2	0	0	0	0
509675	2	0	0	0	0	0
510233	2	0	0	0	0	0
513706	0	2	0	0	0	0
514061	1	0	0	0	0	1
521586	1	1	0	0	0	0
522582	0	2	0	0	0	0
522961	0	1	0	0	0	1
524848	0	1	1	0	0	0
535399	0	2	0	0	0	0
535601	0	1	0	1	0	0
53929	0	1	1	0	0	0
541415	0	1	0	1	0	0
543291	0	0	0	2	0	0
552235	2	0	0	0	0	0
554463	0	0	1	1	0	0
555101	0	2	0	0	0	0
564941	0	1	0	0	1	0
566154	0	0	1	1	0	0
569244	0	0	0	0	0	2
571178	0	1	1	0	0	0
572751	0	0	2	0	0	0
575559	0	0	0	1	1	0
576285	1	0	0	0	1	0
577110	0	1	0	0	0	1
578457	2	0	0	0	0	0
582089	0	0	1	1	0	0
582101	0	0	1	0	0	1
583266	0	1	0	0	0	1
583584	0	0	2	0	0	0
585869	2	0	0	0	0	0
589657	0	1	0	1	0	0
589989	0	0	1	1	0	0
592372	0	0	0	0	1	1
592156	0	0	0	2	0	0
592857	0	0	0	1	1	0
594119	0	0	0	0	2	0
593977	0	0	0	0	0	2
612308	0	0	0	0	0	2
627429	0	1	1	0	0	0
632932	0	1	0	0	1	0
655793	1	0	0	0	0	1
66188	0	1	0	0	1	0
668129	0	0	0	0	0	2
712142	0	1	1	0	0	0
71872	0	0	0	0	0	2
720944	0	1	0	0	0	1
728069	0	1	0	0	1	0
730906	2	0	0	0	0	0
74480	0	1	0	1	0	0
743923	0	0	0	0	0	2
762699	0	1	0	1	0	0
795046	0	2	0	0	0	0
811667	1	0	0	1	0	0
815828	0	0	2	0	0	0
828776	0	1	0	1	0	0
831922	0	0	1	0	1	0
842714	0	0	0	0	2	0
843569	0	0	0	2	0	0
846464	1	0	0	0	1	0
844501	0	1	0	1	0	0
846710	0	0	0	0	0	2
967275	0	0	0	1	1	0
85658	0	1	0	1	0	0
875290	2	0	0	0	0	0
918313	1	0	1	0	0	0
92043	0	1	1	0	0	0
970805	0	0	2	0	0	0
98939	0	0	2	0	0	0
1000113	1	0	1	1	0	0
106235	0	3	0	0	0	0
106444	0	3	0	0	0	0
110046	0	3	0	0	0	0
1104908	0	0	0	3	0	0
1106302	2	0	0	0	1	0
111120	0	0	2	0	1	0
1122673	0	1	0	2	0	0
112771	0	0	2	0	0	1
1142657	0	0	0	0	0	3
132165	3	0	0	0	0	0
146502	0	2	0	0	0	1
147100	0	0	0	2	0	1
152466	0	1	1	1	0	0
17311	3	0	0	0	0	0
174950	0	1	0	0	2	0
175978	1	0	0	0	2	0
177109	0	0	2	1	0	0
178738	0	0	3	0	0	0
179201	0	0	3	0	0	0
179663	1	1	1	0	0	0
179785	0	2	0	1	0	0
180414	0	2	0	1	0	0
182030	2	0	0	0	1	0
182431	0	1	2	0	0	0
184030	3	0	0	0	0	0
185281	1	0	0	0	0	2
186555	0	0	1	2	0	0
187883	1	1	0	0	0	1
187945	0	0	1	2	0	0
187929	1	2	0	0	0	0
188938	0	3	0	0	0	0
190453	0	1	0	1	0	1
190124	0	0	0	0	0	3
191109	0	0	3	0	0	0
191919	0	0	0	0	3	0
192485	0	1	2	0	0	0
192291	0	2	0	0	0	1
192696	0	2	1	0	0	0
193364	1	0	2	0	0	0
193480	1	1	0	1	0	0
194986	1	0	2	0	0	0
194360	0	3	0	0	0	0
194512	0	1	0	1	0	1
194696	1	1	1	0	0	0
195221	0	3	0	0	0	0
195350	0	2	1	0	0	0
195769	2	0	0	0	1	0
197099	1	1	1	0	0	0
198210	1	0	2	0	0	0
198754	1	1	1	0	0	0
198689	0	2	0	0	0	1
208790	2	1	0	0	0	0
209712	0	0	3	0	0	0
214450	0	0	0	2	1	0
232222	0	1	0	0	2	0
258447	2	1	0	0	0	0
258877	0	2	0	0	1	0
261161	1	0	1	0	0	1
262399	0	0	1	0	2	0
263180	3	0	0	0	0	0
271563	0	0	1	2	0	0
271101	0	3	0	0	0	0
270733	0	0	0	2	0	1
274106	0	3	0	0	0	0
277047	0	1	0	1	1	0
276509	0	0	0	0	0	3
2820255	0	3	0	0	0	0
289538	1	0	1	0	1	0
292242	0	0	1	0	2	0
292725	0	0	0	0	0	3
296962	0	1	1	0	0	1
296900	0	0	0	0	3	0
297629	2	0	0	0	0	1
298388	0	2	0	0	1	0
298491	1	0	0	2	0	0
299556	0	0	2	1	0	0
301399	0	0	1	1	1	0
302273	1	0	0	2	0	0
302835	0	0	0	0	3	0
303191	0	3	0	0	0	0
304123	3	0	0	0	0	0
305177	0	2	0	1	0	0
309720	1	0	0	1	1	0
308598	0	3	0	0	0	0
309147	0	2	0	0	1	0
309284	0	3	0	0	0	0
323386	2	0	0	0	0	1
311078	1	0	0	2	0	0
312743	0	3	0	0	0	0
312967	1	0	1	1	0	0
3141342	0	2	0	0	1	0
314853	0	0	0	1	2	0
314915	2	1	0	0	0	0
320876	2	1	0	0	0	0
321469	0	1	2	0	0	0
322004	0	2	0	0	1	0
3222218	0	3	0	0	0	0
324326	0	0	2	0	1	0
326359	0	0	0	0	3	0
329464	0	0	2	1	0	0
328972	0	1	1	0	0	1
329282	0	0	0	2	1	0
3300804	0	1	1	1	0	0
331193	0	0	1	2	0	0
332359	0	0	0	0	3	0
332584	0	2	0	0	0	1
332901	0	0	2	0	1	0
333259	0	1	1	0	1	0
333363	1	0	0	2	0	0
335203	1	2	0	0	0	0
335546	1	1	0	1	0	0
336528	0	2	0	0	0	1
337495	0	3	0	0	0	0
339886	0	3	0	0	0	0
341264	0	0	1	2	0	0
341953	0	0	0	3	0	0
343038	0	0	1	0	2	0
343811	1	2	0	0	0	0
345422	0	0	2	1	0	0
345944	1	0	0	0	0	2
346524	0	0	1	1	1	0
347413	1	0	0	1	1	0
347933	0	0	3	0	0	0
348237	0	0	1	1	0	1
351501	0	0	2	0	0	1
352852	0	1	0	1	1	0
353868	1	2	0	0	0	0
354054	0	0	0	2	0	1
354849	1	0	0	0	2	0
355154	0	3	0	0	0	0
355197	0	2	1	0	0	0
356590	0	3	0	0	0	0
3568684	3	0	0	0	0	0
358594	2	0	0	1	0	0
363232	0	1	0	1	0	1
363507	0	0	1	0	0	2
3648884	1	2	0	0	0	0
36792	2	0	0	0	0	1
375106	0	3	0	0	0	0
389566	3	0	0	0	0	0
3931048	3	0	0	0	0	0
395040	2	0	0	0	1	0
4056429	0	1	1	0	0	1
4094866	1	0	1	0	1	0
4212517	0	2	0	0	0	1
4295783	0	0	0	2	0	1
4297868	0	1	0	0	2	0
4310136	3	0	0	0	0	0
4315784	0	0	0	0	3	0
4322275	1	0	1	1	0	0
4326806	0	0	0	3	0	0
4346687	1	1	0	0	0	1
4365130	0	0	0	0	1	2
4369131	0	0	1	0	0	2
4381635	0	0	2	0	0	1
4402042	0	0	0	0	0	3
4410863	0	3	0	0	0	0
4414820	2	0	0	0	1	0
4415760	0	0	0	3	0	0
4420272	0	1	2	0	0	0
4432238	0	0	0	1	2	0
4425497	1	1	0	0	1	0
4424598	2	0	0	1	0	0
4427541	2	0	0	1	0	0
443620	0	0	1	1	1	0
4444095	0	1	1	1	0	0
4449251	0	0	0	0	0	3
4459846	0	2	0	1	0	0
4481975	0	2	0	0	1	0
44827	0	0	0	3	0	0
508866	0	1	0	1	1	0
522699	0	0	2	1	0	0
525606	1	2	0	0	0	0
527059	0	3	0	0	0	0
534481	0	2	1	0	0	0
544859	0	0	2	1	0	0
552456	0	0	0	0	3	0
569030	0	3	0	0	0	0
570350	0	0	3	0	0	0
570052	0	0	0	3	0	0
570451	0	0	2	0	0	1
577512	1	1	1	0	0	0
581014	1	0	2	0	0	0
583089	0	3	0	0	0	0
583838	0	0	3	0	0	0
584263	0	0	2	0	1	0
585881	0	0	0	1	2	0
586920	0	3	0	0	0	0
593216	0	0	0	1	0	2
619919	0	0	1	1	0	1
622256	1	0	0	0	0	2
624373	1	1	0	0	1	0
634449	0	0	3	0	0	0
649107	0	0	0	0	2	1
644244	0	0	2	1	0	0
655876	0	0	2	0	0	1
70706	0	1	0	0	2	0
708680	2	1	0	0	0	0
724472	0	3	0	0	0	0
761968	0	1	0	1	0	1
772282	0	0	1	0	0	2
771824	2	1	0	0	0	0
782984	0	0	1	1	0	1
789561	1	1	0	0	1	0
824678	0	0	0	0	0	3
847728	2	0	0	0	0	1
907096	1	1	1	0	0	0
977628	1	0	1	1	0	0
100198	0	1	0	0	0	3
1074210	0	0	0	0	0	4
10945	0	3	0	0	1	0
1112763	1	0	1	2	0	0
113430	0	0	1	0	0	3
1133172	0	4	0	0	0	0
131571	0	2	1	1	0	0
148418	0	3	0	0	0	1
1633194	2	1	0	0	1	0
167311	0	0	0	0	0	4
167078	0	0	1	3	0	0
1727150	0	2	0	0	2	0
174901	1	0	0	1	0	2
1760821	0	0	4	0	0	0
176157	0	3	0	1	0	0
176957	0	0	1	2	1	0
177984	0	4	0	0	0	0
180462	0	3	0	0	0	1
182383	0	2	2	0	0	0
182331	2	2	0	0	0	0
183681	0	0	1	3	0	0
187341	0	0	0	0	0	4
191108	0	0	3	1	0	0
191241	1	3	0	0	0	0
191222	0	1	3	0	0	0
192127	0	1	1	2	0	0
1928156	1	1	0	0	0	2
193667	3	1	0	0	0	0
1934291	0	0	1	0	0	3
193887	0	2	2	0	0	0
194670	0	1	2	1	0	0
197552	0	4	0	0	0	0
198331	0	1	0	1	1	1
198930	0	1	0	1	0	2
198962	4	0	0	0	0	0
227819	0	0	0	0	0	4
229455	0	0	0	1	0	3
24175	0	3	0	0	1	0
262677	0	4	0	0	0	0
263184	0	0	0	0	0	4
263881	2	0	1	1	0	0
266621	0	0	3	1	0	0
266715	2	2	0	0	0	0
270393	0	1	0	3	0	0
271880	0	3	0	0	1	0
2724174	0	1	2	0	0	1
2835813	0	0	2	0	0	2
287506	0	1	0	1	2	0
288581	0	1	0	0	3	0
288950	0	0	0	0	4	0
289074	0	3	1	0	0	0
289992	2	0	1	0	1	0
289958	0	0	2	2	0	0
290442	3	1	0	0	0	0
290480	0	0	1	2	1	0
290637	0	0	4	0	0	0
290663	0	0	1	3	0	0
291949	0	0	1	0	3	0
293516	0	0	1	0	1	2
295871	0	0	3	1	0	0
297796	0	1	2	1	0	0
298494	0	0	4	0	0	0
299639	0	1	1	0	2	0
300457	0	1	0	1	1	1
300613	0	0	0	3	0	1
301733	2	0	0	1	1	0
301818	2	0	1	0	1	0
304043	1	1	1	1	0	0
304154	0	4	0	0	0	0
304460	0	0	1	0	0	3
304779	0	0	3	1	0	0
305318	0	1	1	0	0	2
306046	0	1	2	0	1	0
307291	1	1	2	0	0	0
308322	0	1	3	0	0	0
308786	2	0	0	0	0	2
308734	0	1	2	1	0	0
310301	1	3	0	0	0	0
311952	0	2	0	0	1	1
312858	0	4	0	0	0	0
312992	0	0	1	2	1	0
314377	0	3	1	0	0	0
317065	1	1	1	1	0	0
317908	0	0	0	1	2	1
318296	0	0	4	0	0	0
318163	0	0	1	1	2	0
318470	0	0	2	2	0	0
319616	0	0	2	1	1	0
3195500	0	4	0	0	0	0
320055	1	2	1	0	0	0
320915	2	2	0	0	0	0
322114	1	3	0	0	0	0
324244	0	0	2	1	1	0
325113	1	0	2	1	0	0
325419	0	2	1	1	0	0
325726	1	0	0	2	0	1
327410	4	0	0	0	0	0
327685	0	1	0	0	3	0
328828	1	0	0	1	1	1
329798	0	0	0	4	0	0
330076	0	2	0	0	1	1
3304796	0	4	0	0	0	0
332651	0	0	3	1	0	0
334935	0	4	0	0	0	0
335363	0	0	0	2	2	0
337403	0	0	4	0	0	0
339358	0	3	0	0	0	1
342223	0	2	1	0	1	0
342504	0	3	1	0	0	0
344422	1	0	3	0	0	0
344337	1	1	0	2	0	0
346370	0	0	0	2	2	0
347189	0	4	0	0	0	0
347337	2	2	0	0	0	0
349786	4	0	0	0	0	0
350300	0	0	2	1	0	1
351095	0	0	1	3	0	0
351200	1	2	1	0	0	0
353195	1	1	2	0	0	0
354334	1	1	1	1	0	0
355298	1	1	0	2	0	0
355312	0	0	2	2	0	0
355494	0	0	4	0	0	0
356745	1	0	1	2	0	0
364034	0	2	1	1	0	0
3692330	0	0	0	1	0	3
398138	1	3	0	0	0	0
4090250	1	0	2	1	0	0
420168	0	0	2	2	0	0
4303855	1	2	0	1	0	0
43159	0	1	1	0	2	0
4334746	4	0	0	0	0	0
4363269	0	3	1	0	0	0
4366525	0	1	2	0	0	1
4378906	0	1	2	0	0	1
4383093	1	0	0	0	0	3
4385967	0	0	0	0	4	0
4388121	1	3	0	0	0	0
4389066	0	0	1	3	0	0
4392681	1	0	1	2	0	0
4413164	4	0	0	0	0	0
4437823	0	4	0	0	0	0
455746	0	0	0	0	0	4
509285	0	1	1	1	1	0
516126	1	2	1	0	0	0
516576	0	1	0	3	0	0
523749	1	2	0	0	0	1
524111	0	0	2	1	0	1
531374	0	0	4	0	0	0
535955	0	1	2	1	0	0
545139	0	4	0	0	0	0
559410	0	0	0	4	0	0
563490	0	1	0	3	0	0
562797	0	2	0	1	0	1
567641	1	1	0	0	1	1
574421	0	2	1	0	0	1
576813	1	0	0	1	0	2
584463	2	2	0	0	0	0
588045	0	0	3	1	0	0
593422	0	0	3	1	0	0
621649	2	1	0	0	1	0
649732	1	1	0	1	0	1
653954	1	3	0	0	0	0
662917	1	0	0	0	0	3
703731	0	2	2	0	0	0
716984	0	0	0	0	2	2
828333	0	2	1	0	0	1
833381	0	4	0	0	0	0
875709	0	4	0	0	0	0
971109	0	1	2	0	0	1
97210	3	0	0	0	1	0
1106861	1	3	0	1	0	0
1111350	0	0	5	0	0	0
1112757	0	0	0	0	0	5
111800	0	0	5	0	0	0
111771	0	3	1	0	0	1
113126	0	0	2	2	1	0
131921	0	2	0	0	0	3
151144	0	0	0	5	0	0
165266	1	0	1	3	0	0
168046	0	1	1	1	1	1
172895	1	0	2	2	0	0
173135	2	1	1	1	0	0
173876	0	0	0	3	0	2
174499	0	3	2	0	0	0
177986	0	4	1	0	0	0
178708	1	2	1	1	0	0
179715	1	3	1	0	0	0
180155	0	2	2	1	0	0
181174	0	0	0	0	1	4
183824	0	1	2	2	0	0
186352	1	2	0	0	0	2
186955	0	4	1	0	0	0
191325	0	1	2	2	0	0
192684	2	0	0	0	0	3
193336	0	0	0	1	0	4
194089	0	3	0	1	0	1
194373	0	0	4	0	1	0
195015	0	4	1	0	0	0
196508	0	1	1	3	0	0
198011	0	2	0	0	0	3
198026	0	0	2	2	1	0
2046330	0	3	2	0	0	0
205309	1	0	3	1	0	0
211066	1	0	0	3	1	0
211795	3	1	1	0	0	0
214886	0	2	0	1	2	0
214857	0	3	0	0	2	0
215231	1	3	0	0	1	0
2203165	3	0	0	0	1	1
2216525	0	0	1	1	0	3
25695	1	2	0	1	1	0
261277	0	5	0	0	0	0
269828	0	4	0	0	1	0
269902	0	0	0	0	0	5
275693	0	2	0	1	0	2
277202	1	0	0	0	4	0
279534	1	0	1	2	1	0
285497	1	0	0	0	0	4
288930	0	2	1	1	0	1
289015	0	5	0	0	0	0
289306	0	0	3	2	0	0
289467	2	2	1	0	0	0
292360	2	2	0	0	1	0
294440	0	1	2	0	1	1
294993	0	0	3	2	0	0
296061	0	2	2	0	1	0
298803	1	0	2	2	0	0
299280	0	0	4	1	0	0
300491	1	4	0	0	0	0
304973	0	0	2	2	0	1
313521	2	0	1	0	1	1
314528	0	1	0	1	3	0
315475	1	4	0	0	0	0
318442	0	0	1	4	0	0
318373	0	0	1	0	2	2
320786	1	1	0	0	1	2
322711	1	0	2	1	1	0
322505	3	1	0	0	0	1
322560	0	1	4	0	0	0
324214	0	0	1	2	2	0
3251419	1	1	2	0	1	0
325957	0	2	0	1	0	2
327629	2	1	2	0	0	0
333189	1	3	0	1	0	0
333753	0	5	0	0	0	0
334339	0	0	5	0	0	0
335003	0	2	2	1	0	0
337202	1	3	0	0	0	1
337362	1	4	0	0	0	0
338049	1	1	1	0	0	2
339013	1	0	1	0	0	3
342612	0	3	0	2	0	0
344488	0	0	0	0	0	5
3450454	0	5	0	0	0	0
348487	1	0	1	0	3	0
355334	0	0	0	0	0	5
3807411	0	0	0	0	0	5
395587	0	0	3	2	0	0
4078476	2	3	0	0	0	0
4402368	0	3	1	0	0	1
4267520	4	0	1	0	0	0
4295035	5	0	0	0	0	0
4299126	2	0	0	0	3	0
4308154	0	0	0	0	5	0
4329572	0	1	1	0	3	0
4359984	0	3	1	1	0	0
4360363	0	0	0	4	1	0
4381054	3	0	1	1	0	0
4383922	0	3	0	1	0	1
4433878	2	1	1	0	1	0
4447372	0	0	2	3	0	0
463007	0	0	1	4	0	0
484444	1	3	0	0	0	1
48325	1	1	0	2	1	0
519979	0	3	0	0	2	0
535500	0	0	3	2	0	0
532922	1	4	0	0	0	0
533847	0	0	4	0	1	0
554912	3	0	1	1	0	0
556936	0	0	1	0	4	0
561466	0	0	0	2	0	3
567595	0	1	2	1	0	1
569210	0	1	2	2	0	0
573068	1	4	0	0	0	0
576853	0	0	0	0	1	4
577170	3	2	0	0	0	0
580121	1	1	2	0	0	1
581287	0	4	0	1	0	0
628014	0	1	0	4	0	0
663226	0	0	5	0	0	0
805672	0	2	1	1	1	0
825063	2	0	0	0	0	3
847934	1	0	1	2	0	1
110660	1	3	0	0	1	1
110829	1	1	0	1	3	0
1108747	0	0	5	1	0	0
1146798	0	6	0	0	0	0
145883	0	0	6	0	0	0
176181	0	1	0	4	1	0
16340	0	5	0	0	1	0
164744	2	2	0	0	2	0
174818	1	4	1	0	0	0
178497	1	0	2	0	0	3
179838	0	2	1	0	0	3
180150	0	3	0	3	0	0
180289	0	3	1	2	0	0
180577	0	1	2	3	0	0
181927	0	6	0	0	0	0
182723	0	2	1	2	0	1
184211	2	2	0	2	0	0
184426	1	1	3	1	0	0
185235	4	2	0	0	0	0
185914	4	2	0	0	0	0
189588	0	4	0	0	1	1
192210	0	5	0	1	0	0
193233	1	4	0	0	1	0
194947	0	0	2	1	0	3
195214	1	0	0	0	5	0
195081	0	1	0	3	0	2
195757	5	0	0	1	0	0
197344	3	0	0	0	2	1
227565	1	3	0	0	0	2
230479	2	0	0	4	0	0
240690	6	0	0	0	0	0
251289	3	0	1	2	0	0
258280	0	2	1	0	1	2
288543	0	0	1	4	1	0
290338	0	0	3	0	1	2
290468	0	0	1	3	1	1
291090	0	1	5	0	0	0
292387	0	5	0	0	1	0
295012	1	0	5	0	0	0
296340	1	0	0	0	0	5
302641	2	0	2	2	0	0
303320	0	0	0	0	6	0
308072	2	3	1	0	0	0
308333	4	0	1	1	0	0
308843	6	0	0	0	0	0
311312	0	3	0	0	3	0
314186	2	1	2	0	0	1
320581	0	1	3	2	0	0
322282	0	0	3	3	0	0
325213	0	0	0	4	0	2
327944	4	2	0	0	0	0
331240	0	6	0	0	0	0
331881	0	0	6	0	0	0
333114	1	2	0	3	0	0
333675	1	3	1	1	0	0
337511	0	1	1	4	0	0
338910	6	0	0	0	0	0
3390534	6	0	0	0	0	0
344154	0	0	0	0	6	0
345556	3	0	0	2	0	1
348026	2	0	0	3	0	1
349680	2	2	1	0	1	0
352202	3	2	0	0	0	1
356624	0	4	1	0	1	0
363454	0	0	5	1	0	0
366143	0	2	1	2	0	1
367176	0	1	2	2	0	1
369526	1	3	0	0	0	2
370357	4	0	0	0	2	0
3750380	0	1	0	2	3	0
4302723	2	0	1	0	3	0
4362257	1	2	0	1	1	1
4403259	0	0	1	0	5	0
4451899	0	3	1	0	1	1
512398	1	0	0	4	0	1
513035	0	0	6	0	0	0
535375	0	6	0	0	0	0
557751	2	1	1	0	0	2
563572	0	0	1	1	2	2
667010	1	0	2	1	0	2
663228	0	0	1	5	0	0
685156	0	0	4	0	2	0
688800	3	0	1	0	0	2
758482	2	1	2	0	0	1
769075	1	0	0	0	5	0
803010	0	0	0	0	6	0
805066	2	3	0	0	1	0
821678	3	0	3	0	0	0
846798	3	3	0	0	0	0
104752	0	1	0	4	2	0
105921	0	2	0	1	0	4
111712	0	7	0	0	0	0
1141030	0	0	0	1	4	2
114912	0	1	1	1	0	4
152890	0	0	7	0	0	0
1579257	2	0	2	3	0	0
174038	0	5	0	1	0	1
175485	3	2	1	0	0	1
175761	0	0	0	3	2	2
176113	0	5	1	1	0	0
176060	1	0	4	1	0	1
176853	0	3	1	3	0	0
176947	1	2	0	2	1	1
178331	1	1	0	0	1	4
178491	0	0	0	7	0	0
179157	0	2	5	0	0	0
180123	0	2	1	3	1	0
180771	0	0	1	5	1	0
189611	1	2	1	1	1	1
192983	0	6	1	0	0	0
193863	0	6	1	0	0	0
195947	3	0	2	0	0	2
198404	3	1	1	1	0	1
199710	1	1	0	1	4	0
211935	1	5	0	0	0	1
212359	0	6	1	0	0	0
214031	7	0	0	0	0	0
235212	0	0	0	0	0	7
259609	1	2	0	0	2	2
262102	0	0	1	0	5	1
274694	0	2	1	1	3	0
279059	3	1	0	2	0	1
279026	0	4	0	1	1	1
292801	1	0	0	6	0	0
294302	1	1	1	2	0	2
297641	2	3	0	1	1	0
300646	0	1	0	0	5	1
306368	7	0	0	0	0	0
306980	7	0	0	0	0	0
308157	0	3	2	0	2	0
310380	0	3	4	0	0	0
310857	1	2	3	1	0	0
311087	0	2	2	1	1	1
311305	0	0	1	0	6	0
316009	0	1	2	1	0	3
317288	1	1	0	3	2	0
319400	2	0	2	0	3	0
319690	0	5	0	0	0	2
320250	0	2	2	3	0	0
321228	0	0	2	2	3	0
325539	0	0	5	1	1	0
325557	0	3	1	1	0	2
327050	0	0	0	1	1	5
330992	1	2	1	1	2	0
336139	2	3	0	0	2	0
341221	0	3	2	0	0	2
344726	1	6	0	0	0	0
349140	2	5	0	0	0	0
349431	0	1	1	5	0	0
351457	0	3	1	0	1	2
354622	0	1	0	1	0	5
370086	0	1	1	1	2	2
372146	0	3	1	1	1	1
422283	5	2	0	0	0	0
4390692	0	0	7	0	0	0
4430891	0	1	6	0	0	0
4480176	1	0	0	0	0	6
510607	1	1	3	1	1	0
512048	0	3	0	2	2	0
512892	1	1	5	0	0	0
518699	0	0	4	2	1	0
524575	1	4	1	0	0	1
529472	0	3	0	0	4	0
536535	0	4	0	1	0	2
534926	0	0	4	2	0	1
537886	1	3	0	2	1	0
562376	0	2	2	3	0	0
568077	5	0	1	1	0	0
591399	0	5	0	2	0	0
634450	0	1	1	5	0	0
772972	0	1	0	1	3	2
834677	2	0	0	0	2	3
1017263	3	0	0	0	5	0
113654	0	0	2	6	0	0
158211	0	1	2	1	0	4
174383	0	3	2	3	0	0
174712	0	0	2	5	0	1
177175	0	6	2	0	0	0
178385	0	2	3	3	0	0
178839	6	0	0	2	0	0
178770	0	1	5	2	0	0
179325	1	0	1	0	0	6
179989	7	1	0	0	0	0
180401	1	4	0	1	0	2
187123	0	1	4	2	1	0
191273	0	3	4	1	0	0
192963	0	1	0	4	2	1
193722	2	2	2	0	2	0
196249	0	0	3	5	0	0
197867	1	6	0	1	0	0
261894	1	5	2	0	0	0
269141	1	3	0	2	0	2
273388	0	4	2	1	1	0
292215	0	2	1	4	1	0
295055	2	5	0	1	0	0
295970	0	1	1	0	5	1
297496	0	1	3	2	1	1
298302	0	3	1	3	0	1
299858	0	2	2	4	0	0
300297	1	0	2	3	2	0
301195	7	1	0	0	0	0
304427	2	1	3	2	0	0
314644	1	3	0	2	2	0
318332	0	0	1	1	3	3
318315	2	1	1	3	1	0
322604	0	6	0	0	0	2
326486	1	1	3	1	1	1
331435	0	0	2	0	4	2
332860	0	3	0	4	1	0
337030	2	2	2	2	0	0
339435	0	1	3	4	0	0
3412718	4	1	1	1	0	1
3449121	0	6	2	0	0	0
346974	0	5	0	0	3	0
350668	2	0	0	0	0	6
351067	1	5	0	2	0	0
351768	0	0	1	0	7	0
351907	0	4	2	0	2	0
352347	0	6	1	1	0	0
353577	3	1	3	0	0	1
359509	0	2	1	0	2	3
362108	0	1	0	0	0	7
367813	2	6	0	0	0	0
3680006	0	4	1	2	0	1
3805518	0	1	5	2	0	0
4329776	5	1	0	0	0	2
4374114	0	0	3	2	3	0
444791	2	0	0	0	6	0
4468234	2	4	0	0	0	2
523811	2	4	0	2	0	0
529905	1	4	1	1	0	1
539688	0	1	1	3	0	3
541394	1	7	0	0	0	0
583572	0	5	0	0	3	0
583134	2	4	0	0	0	2
739826	0	2	2	4	0	0
759816	6	1	0	1	0	0
788519	0	0	0	0	1	7
811108	1	4	0	1	2	0
823903	0	1	0	2	4	1
828230	4	2	0	0	2	0
835928	0	8	0	0	0	0
879327	0	2	3	1	0	2
105109	0	0	3	6	0	0
1105211	0	1	2	2	0	4
112842	0	0	0	0	0	9
177758	0	7	0	0	1	1
180473	1	2	0	4	0	2
182542	1	0	1	3	1	3
189150	0	0	2	7	0	0
186452	1	2	0	0	6	0
186554	0	0	0	3	0	6
190980	2	4	0	1	1	1
191872	1	5	2	1	0	0
192385	0	0	6	2	1	0
194065	9	0	0	0	0	0
194372	8	1	0	0	0	0
198521	0	5	1	0	0	3
209475	0	2	1	2	0	4
226014	0	9	0	0	0	0
269890	0	0	9	0	0	0
272850	0	0	1	0	0	8
276478	0	9	0	0	0	0
287544	4	3	0	0	1	1
287755	0	6	0	0	0	3
290498	0	0	3	0	1	5
291063	1	0	0	0	8	0
291348	0	8	1	0	0	0
291475	2	0	3	3	0	1
299187	0	3	0	2	0	4
300045	0	0	0	0	8	1
302600	0	3	0	1	5	0
302932	0	1	8	0	0	0
304211	2	2	1	4	0	0
306950	1	0	5	0	0	3
313216	0	0	0	8	0	1
313601	0	0	2	5	2	0
319704	5	0	0	1	0	3
321902	0	8	0	0	0	1
322803	3	0	1	3	0	2
326136	0	0	9	0	0	0
327149	0	3	4	0	0	2
331103	8	0	0	0	0	1
333197	0	1	1	4	0	3
337580	0	1	2	2	4	0
340197	1	0	3	1	3	1
340809	0	1	5	3	0	0
3424669	1	6	2	0	0	0
344906	1	1	2	5	0	0
345172	1	5	2	1	0	0
345282	2	0	1	0	6	0
348642	0	0	7	2	0	0
352898	0	3	1	3	0	2
3756485	2	2	0	0	0	5
42839	0	0	1	8	0	0
4296701	9	0	0	0	0	0
4303850	0	0	2	1	0	6
4340745	1	0	0	3	4	1
4378081	2	3	0	3	0	1
4395462	5	0	1	2	0	1
4404413	7	0	1	0	0	1
4453977	2	0	1	6	0	0
4484075	3	0	4	1	1	0
512114	1	2	1	3	2	0
512682	0	2	1	4	0	2
519162	0	0	0	9	0	0
540924	2	0	2	5	0	0
548032	8	1	0	0	0	0
550037	0	0	3	5	0	1
570421	7	0	2	0	0	0
576914	0	0	5	1	0	3
584309	2	4	2	1	0	0
673084	0	0	3	6	0	0
752354	0	0	2	1	6	0
810893	2	0	6	1	0	0
98091	8	1	0	0	0	0
983033	1	1	1	5	0	1
101572	1	4	3	1	1	0
1010876	0	0	3	1	0	6
109703	1	0	0	0	0	9
1657491	0	0	8	2	0	0
174033	1	4	1	0	2	2
174683	2	5	0	0	1	2
174605	2	2	1	0	0	5
177618	3	5	1	0	0	1
179499	3	0	3	0	4	0
179601	0	0	0	0	0	10
181140	0	5	1	1	1	2
183855	3	1	1	0	4	1
185148	0	4	0	3	0	3
196664	0	6	0	0	0	4
199256	2	0	0	2	5	1
207833	0	0	3	0	3	4
269833	0	0	4	5	1	0
277967	1	0	0	0	2	7
288318	0	6	1	1	0	2
291380	0	2	1	6	1	0
293288	3	1	1	0	3	2
294360	0	0	0	0	9	1
295804	1	9	0	0	0	0
302204	2	0	0	0	2	6
303326	1	2	7	0	0	0
307643	2	0	6	1	0	1
308759	2	2	1	1	2	2
315880	1	8	0	1	0	0
319197	1	7	2	0	0	0
323481	0	4	0	0	6	0
328523	3	5	2	0	0	0
329112	4	3	0	3	0	0
338105	0	0	7	2	1	0
340886	2	0	1	0	7	0
341448	1	2	0	0	0	7
342110	0	6	3	0	1	0
342303	1	6	0	0	0	3
346374	1	0	4	3	0	2
34789	0	0	0	1	7	2
363166	4	0	4	2	0	0
367217	3	0	2	1	2	2
367814	0	0	4	4	0	2
508984	0	6	1	3	0	0
511072	9	0	0	0	0	1
520004	0	0	0	0	8	2
528071	2	3	3	2	0	0
536831	0	0	0	0	0	10
555917	0	10	0	0	0	0
578310	0	0	0	10	0	0
704264	7	1	0	0	2	0
77804	3	0	1	2	2	2
1110284	0	0	0	0	0	11
1114226	10	0	0	0	1	0
146314	0	1	0	0	10	0
158836	1	2	1	2	2	3
176346	2	1	1	1	6	0
177933	1	0	2	2	2	4
180257	0	4	3	2	2	0
182167	3	1	1	3	3	0
185222	0	4	0	5	0	2
192878	2	2	3	4	0	0
193666	0	6	0	1	0	4
193915	0	7	1	1	1	1
194591	0	3	0	3	0	5
196315	0	1	10	0	0	0
199067	5	0	0	0	0	6
210647	9	1	0	0	1	0
213870	7	0	0	3	0	1
274115	0	5	3	1	2	0
26704	3	8	0	0	0	0
268425	1	5	0	2	3	0
272576	2	3	3	1	2	0
288428	0	11	0	0	0	0
289070	0	0	11	0	0	0
291997	2	8	0	0	1	0
294311	1	3	0	4	3	0
297875	0	0	4	6	1	0
298717	0	0	0	11	0	0
301032	3	1	1	6	0	0
302746	0	9	0	0	0	2
305016	0	10	0	0	1	0
311566	1	1	3	3	2	1
315683	1	0	5	4	1	0
316882	1	1	5	4	0	0
319816	0	1	0	4	5	1
323794	2	0	5	1	0	3
326014	1	3	2	1	1	3
334377	3	0	3	3	2	0
346461	7	0	0	0	4	0
346657	4	3	2	0	1	1
350273	2	0	4	4	0	1
352081	1	0	1	1	8	0
35260	0	0	3	8	0	0
353748	1	0	0	6	2	2
364824	0	9	0	0	0	2
3943182	0	10	0	0	0	1
4307265	2	8	0	1	0	0
4312432	0	0	4	6	1	0
4334755	1	4	1	1	3	1
4404459	0	0	0	11	0	0
49406	4	2	3	1	1	0
48899	0	0	0	0	0	11
539296	10	0	1	0	0	0
559149	7	3	0	0	1	0
568060	2	4	2	0	0	3
575756	0	0	1	6	0	4
578649	1	2	6	1	0	1
1029949	3	7	2	0	0	0
112374	2	0	4	4	2	0
158979	1	0	9	0	1	1
177567	2	8	1	1	0	0
177697	3	0	7	0	2	0
182242	0	0	0	0	0	12
183210	1	5	1	0	1	4
193458	0	3	0	1	0	8
195115	4	8	0	0	0	0
199344	6	4	0	2	0	0
233993	1	9	2	0	0	0
288683	0	8	1	0	2	1
294708	0	0	0	5	6	1
295861	0	0	0	12	0	0
295748	1	1	1	2	6	1
296064	12	0	0	0	0	0
300517	1	11	0	0	0	0
308319	0	0	8	4	0	0
305261	0	0	2	0	5	5
305787	0	11	0	0	0	1
306091	0	10	2	0	0	0
309470	3	0	3	0	6	0
312422	0	3	2	7	0	0
317677	0	7	3	2	0	0
320382	2	0	0	7	0	3
321078	2	7	0	1	2	0
322194	0	1	0	10	1	0
327031	0	8	0	0	0	4
333050	2	2	0	1	4	3
336485	0	0	0	12	0	0
336836	0	1	0	6	2	3
342022	4	4	1	0	2	1
346003	2	4	4	1	1	0
346743	2	4	0	3	1	2
347042	12	0	0	0	0	0
353620	2	0	0	2	7	1
355728	1	5	5	1	0	0
355779	1	4	4	3	0	0
359720	0	4	0	3	1	4
3946926	0	0	0	0	0	12
4359797	0	6	0	1	0	5
4375860	12	0	0	0	0	0
4446053	3	6	0	0	3	0
532384	2	2	3	2	1	2
532235	0	11	0	0	1	0
542096	8	1	0	1	2	0
560236	0	0	3	2	1	6
578533	0	0	4	4	0	4
579541	0	0	2	0	10	0
592913	5	6	0	0	0	1
616067	11	0	0	1	0	0
769222	1	3	2	2	3	1
106928	0	9	1	3	0	0
166869	0	13	0	0	0	0
182044	13	0	0	0	0	0
186463	2	7	1	0	2	1
215731	0	3	4	3	2	1
2154095	0	0	2	4	7	0
291938	0	4	0	2	0	7
292758	0	0	6	3	1	3
294363	3	1	1	1	3	4
316642	1	3	2	7	0	0
327176	2	0	2	3	3	3
340194	1	1	4	4	2	1
340711	6	3	1	2	1	0
346686	0	0	0	4	0	9
349257	0	13	0	0	0	0
355187	0	0	12	1	0	0
4318319	0	2	7	2	0	2
4450291	1	0	1	0	11	0
549950	0	0	3	0	0	10
594279	0	13	0	0	0	0
617806	5	1	0	5	0	2
662422	0	0	9	4	0	0
757903	2	0	0	0	0	11
1105687	0	0	2	4	0	8
137209	0	10	4	0	0	0
137353	0	2	3	6	1	2
143423	1	0	0	0	12	1
151675	1	13	0	0	0	0
168068	11	1	0	0	2	0
1737536	0	4	3	1	0	6
176865	0	0	3	2	0	9
193477	4	3	0	0	0	7
196307	9	4	1	0	0	0
196713	0	0	5	8	1	0
198998	3	3	2	2	3	1
205241	5	1	4	0	1	3
207286	0	10	0	0	2	2
232828	3	0	1	1	3	6
275476	5	0	1	0	0	8
290548	0	3	4	3	0	4
291518	1	0	2	4	0	7
304242	0	0	1	13	0	0
305214	0	0	1	0	0	13
309006	6	0	1	1	1	5
323906	2	2	0	0	10	0
324322	9	2	0	0	2	1
336063	0	0	0	2	3	9
336983	0	2	0	0	1	11
341023	0	12	0	2	0	0
356180	1	0	13	0	0	0
358712	1	6	0	0	7	0
4356269	0	0	6	8	0	0
518040	6	3	2	3	0	0
520081	1	4	5	0	1	3
566976	14	0	0	0	0	0
566391	0	0	5	8	0	1
578155	0	0	1	11	0	2
590980	2	3	4	5	0	0
16033	0	0	11	4	0	0
177179	5	6	0	0	0	4
177134	5	10	0	0	0	0
177343	0	1	1	0	12	1
182911	1	1	4	9	0	0
180874	2	6	1	3	0	3
192070	0	2	2	0	5	6
300222	0	11	3	1	0	0
301015	2	5	2	5	0	1
320972	10	5	0	0	0	0
327058	3	0	1	0	11	0
343313	0	0	2	13	0	0
348609	3	0	6	6	0	0
350143	2	9	2	0	1	1
350256	15	0	0	0	0	0
353173	3	0	4	0	7	1
356454	1	0	3	11	0	0
358944	1	2	6	0	0	6
511510	0	0	0	9	0	6
522433	0	0	11	1	2	1
574720	1	0	0	3	10	1
580090	1	10	1	0	0	3
581933	3	3	4	1	1	3
715152	3	8	3	0	1	0
109753	5	2	3	2	3	1
153291	0	0	0	15	1	0
173927	1	9	0	6	0	0
182886	4	2	2	0	4	4
182656	2	7	0	6	0	1
183045	0	11	0	1	0	4
191043	0	8	6	0	0	2
195934	4	6	1	0	0	5
212532	4	0	0	3	0	9
232273	1	1	0	3	0	11
271811	1	3	8	3	1	0
289636	3	6	1	2	0	4
296456	1	3	1	0	11	0
299441	0	0	0	16	0	0
304568	2	8	4	0	2	0
327017	3	12	0	0	0	1
338198	0	0	1	4	5	6
340783	0	13	1	1	0	1
356536	0	1	9	5	0	1
392887	2	10	2	1	0	1
40149	0	0	9	7	0	0
668257	0	0	5	0	0	11
798253	0	0	2	1	0	13
112382	0	3	2	5	1	6
177930	2	2	0	2	5	6
179159	2	8	3	2	2	0
184864	1	14	1	1	0	0
186841	3	13	0	1	0	0
269386	4	6	0	0	7	0
298408	0	5	0	4	2	6
299331	4	3	1	3	0	6
312152	0	3	7	3	2	2
319455	4	8	2	0	1	2
328429	0	0	0	0	1	16
363321	2	8	1	2	0	4
364341	0	12	2	1	0	2
369843	3	3	3	7	1	0
544243	0	5	0	4	8	0
571642	16	0	0	0	1	0
575261	0	0	0	0	0	17
607825	0	4	1	11	0	1
617216	3	5	2	0	7	0
766113	3	2	3	7	1	1
808380	2	2	5	0	3	5
177520	5	11	0	1	0	1
183104	0	0	14	4	0	0
183321	0	0	0	0	17	1
187917	4	0	1	2	10	1
262673	2	5	2	4	5	0
294545	3	1	1	11	1	1
302105	0	7	2	9	0	0
306728	6	6	1	2	2	1
311306	3	1	9	3	1	1
326539	2	7	2	2	3	2
335480	0	0	0	0	18	0
342940	0	4	5	9	0	0
349024	1	1	1	0	0	15
4144205	0	1	5	11	0	1
4343842	0	2	0	2	10	4
4310675	1	0	13	3	1	0
4406814	13	0	0	0	5	0
4437814	2	0	3	1	7	5
570049	3	13	1	0	0	1
588197	0	5	6	0	0	7
188856	12	3	1	3	0	0
196392	1	0	0	0	1	17
197426	3	8	4	2	1	1
262258	1	0	1	2	1	14
287471	1	15	0	0	1	2
289706	0	17	0	1	0	1
290253	1	4	8	3	3	0
292591	0	1	1	0	7	10
321517	0	1	5	8	1	4
332805	0	4	11	3	0	1
337619	1	12	2	3	0	1
340111	16	0	0	0	0	3
4307672	0	5	0	9	3	2
455805	0	0	0	0	0	19
641783	1	0	6	2	10	0
763985	3	0	2	5	9	0
99242	0	1	4	10	3	1
1131894	1	4	3	5	5	2
165935	0	0	9	3	1	7
182196	0	19	0	0	1	0
196597	7	7	2	3	1	0
2035344	3	10	4	0	0	3
23652	0	0	0	0	0	20
276149	0	0	2	18	0	0
289407	0	13	4	0	0	3
293473	1	0	3	16	0	0
297024	0	12	5	0	0	3
297963	0	3	3	6	4	4
300672	1	14	0	5	0	0
302525	3	2	0	5	8	2
321825	5	6	6	3	0	0
338640	17	0	0	0	3	0
350189	1	2	1	4	5	7
350666	0	1	2	6	11	0
3522002	0	0	0	0	0	20
4363614	2	5	7	4	0	2
446691	19	0	0	0	0	1
512907	2	10	0	2	3	3
684656	0	0	0	20	0	0
175184	3	8	7	2	0	1
175509	1	14	3	0	1	2
175967	0	8	1	1	1	10
184497	0	3	12	6	0	0
187126	1	19	0	1	0	0
191738	0	0	16	3	2	0
2017729	1	13	3	1	3	0
20439	0	0	13	8	0	0
278928	12	1	3	4	1	0
290974	1	6	3	1	1	9
304639	2	13	0	0	6	0
307536	3	0	10	7	0	1
324328	15	0	0	5	0	1
346455	3	8	2	0	0	8
352728	6	3	0	0	12	0
4373156	1	14	5	0	0	1
4438983	0	0	0	19	0	2
45365	2	5	8	1	4	1
538322	17	1	1	2	0	0
620319	0	0	0	20	1	0
804526	0	0	7	14	0	0
997267	0	1	0	0	20	0
162504	7	5	1	1	6	2
174752	1	11	0	1	0	9
186623	4	8	2	7	0	1
198947	2	10	5	3	0	2
269619	0	0	0	0	20	2
289569	1	0	12	7	2	0
291017	0	0	0	0	22	0
291784	1	8	4	2	6	1
291744	0	0	0	21	1	0
292816	3	2	8	6	0	3
316080	4	6	4	5	0	3
329729	2	0	9	6	0	5
338994	5	1	3	10	0	3
341272	3	5	2	8	0	4
347358	2	7	7	5	1	0
349238	0	7	8	5	1	1
349789	1	2	5	7	1	6
352010	10	7	3	1	1	0
360946	1	1	19	0	1	0
4456606	1	21	0	0	0	0
592933	3	7	2	2	0	8
176954	0	14	7	1	0	1
186478	2	15	4	2	0	0
192592	3	2	2	6	0	10
272425	2	2	4	11	4	0
295527	0	4	0	3	9	7
335212	5	0	5	13	0	0
338570	0	0	13	0	10	0
3392840	2	3	2	6	3	7
4390972	0	4	2	1	0	16
4474215	0	23	0	0	0	0
551822	1	1	9	10	2	0
580305	4	2	8	3	5	1
819081	0	1	12	10	0	0
850066	7	1	1	5	9	0
187196	1	14	2	3	2	2
291202	0	2	1	21	0	0
299648	1	8	0	4	0	11
302433	1	0	0	0	0	23
332292	2	2	8	2	10	0
360508	5	19	0	0	0	0
4338161	7	5	0	0	6	6
1040172	0	0	12	3	10	0
183715	7	0	6	8	4	0
192634	1	8	1	4	1	10
251456	0	0	7	8	0	10
260703	4	2	7	5	7	0
289327	2	10	9	3	0	1
291786	0	9	1	2	13	0
298842	0	0	25	0	0	0
301325	6	2	6	7	3	1
323061	21	1	1	1	0	1
333341	1	12	2	2	2	6
3641384	1	4	16	4	0	0
4296771	0	2	15	8	0	0
4324040	6	3	6	6	2	2
515751	25	0	0	0	0	0
575589	0	0	0	0	25	0
590836	0	7	1	11	2	4
184897	3	1	13	8	0	1
187882	12	3	1	7	3	0
216710	3	0	18	3	0	2
297385	9	0	4	9	3	1
2978122	4	5	0	5	2	10
303448	1	0	10	14	1	0
317004	1	0	0	9	1	15
323862	0	9	3	0	1	13
326785	2	0	10	1	13	0
334529	2	9	10	0	0	5
337013	1	21	0	2	0	2
342683	1	4	6	5	1	9
4338349	1	18	4	3	0	0
4335229	1	4	10	7	2	2
4379646	0	22	3	1	0	0
43950	6	7	2	3	6	2
646321	0	25	1	0	0	0
808794	1	13	5	1	0	6
146086	0	3	3	21	0	0
269360	0	1	3	0	2	21
290322	3	6	4	8	2	4
305207	7	10	7	1	2	0
305997	6	3	1	16	0	1
309806	0	11	3	4	0	9
311637	2	1	2	6	16	0
325910	3	13	2	1	8	0
332353	3	19	2	3	0	0
348362	0	0	11	16	0	0
372348	5	1	3	15	1	2
4454586	5	3	2	0	8	9
4480359	9	3	4	4	3	4
792436	1	13	9	3	0	1
1566691	0	1	5	6	4	12
233103	0	3	0	6	19	0
249776	0	0	27	1	0	0
289882	10	13	0	4	0	1
293508	5	0	0	10	13	0
335827	0	23	1	4	0	0
347735	1	0	22	5	0	0
352512	0	0	13	15	0	0
4449891	12	0	11	0	5	0
4406819	0	0	9	10	0	9
4443094	2	0	3	22	0	1
576919	2	0	0	0	24	2
609513	5	9	1	2	2	9
749151	3	8	5	2	4	6
307608	3	5	6	2	2	11
311515	2	3	3	14	7	0
338156	11	3	7	8	0	0
355533	2	6	7	2	12	0
4306729	10	6	1	10	2	0
582652	0	0	10	19	0	0
812218	2	20	3	2	1	1
179512	0	1	25	4	0	0
196215	4	8	9	6	0	3
294791	0	0	5	4	21	0
298254	1	13	6	9	1	0
309391	1	10	1	3	2	13
309658	5	4	5	3	9	4
325786	0	0	3	18	0	9
327704	0	0	16	3	1	10
334074	0	2	13	9	3	3
342213	9	1	15	0	4	1
819267	2	6	18	3	1	0
913036	17	1	0	9	0	3
184651	0	2	3	9	7	10
189920	8	15	1	0	3	4
299355	5	16	3	1	3	3
302239	4	18	4	3	1	1
332742	20	2	0	4	5	0
799034	0	0	15	16	0	0
97639	6	11	4	10	0	0
105287	3	4	18	7	0	0
180468	21	5	4	1	1	0
184287	32	0	0	0	0	0
185164	5	18	7	1	0	1
279582	1	4	6	5	11	5
292243	6	3	14	4	5	0
300374	6	2	15	4	5	0
311370	5	11	12	3	1	0
315200	0	0	9	8	0	15
318366	32	0	0	0	0	0
328207	0	27	1	4	0	0
4425526	0	0	6	1	25	0
564961	1	1	12	8	5	5
578908	6	11	0	2	0	13
181754	3	19	3	4	2	2
182163	0	0	0	0	9	24
196246	23	1	3	4	0	2
193946	9	21	1	0	2	0
19611	9	0	15	9	0	0
301578	10	15	3	1	1	3
318229	0	0	0	0	33	0
319896	3	2	2	9	13	4
344259	5	5	13	5	4	1
4331760	2	12	0	0	13	6
4474173	8	0	25	0	0	0
85903	5	6	3	7	0	12
110462	0	0	8	26	0	0
151013	0	0	6	4	24	0
278712	4	3	3	1	3	20
292456	9	19	3	1	2	0
297792	5	2	12	5	7	3
318957	0	0	19	14	0	1
323001	9	1	6	1	15	2
347587	34	0	0	0	0	0
461795	0	18	12	4	0	0
823634	0	33	0	1	0	0
187980	0	9	8	18	0	0
288810	3	1	15	15	0	1
338757	0	31	1	3	0	0
359563	6	2	14	9	3	1
361556	0	24	8	1	0	2
366376	6	0	0	2	3	24
174365	5	14	0	5	3	9
197072	7	2	5	2	8	12
22115	0	1	1	0	5	29
292544	6	18	0	0	0	12
343719	0	0	23	13	0	0
345834	0	3	0	0	12	21
4466621	36	0	0	0	0	0
513106	0	0	3	26	0	7
531339	1	35	0	0	0	0
579431	0	4	10	15	7	0
1026524	8	3	24	2	0	0
1579250	0	0	26	9	1	1
173851	16	21	0	0	0	0
181468	0	6	8	10	9	4
190772	4	14	4	11	0	4
206151	34	1	0	1	1	0
212686	13	12	3	3	3	3
268556	2	9	11	14	1	0
301498	1	15	2	2	3	14
586828	1	7	2	4	0	23
798164	1	3	2	10	3	18
110192	5	9	8	7	9	0
178015	6	5	17	5	0	5
300225	2	8	17	3	0	8
3325758	14	13	5	0	3	3
351682	3	7	1	0	3	24
392918	2	22	1	5	6	2
4314126	0	1	1	33	3	0
190301	3	20	11	3	1	1
335728	0	0	19	20	0	0
316911	13	8	0	1	1	16
322991	0	2	0	0	16	21
321063	3	14	14	5	2	1
342356	8	3	4	10	13	1
349884	9	3	5	11	5	6
353737	3	0	9	27	0	0
4353660	8	0	4	26	0	1
1106362	0	0	6	8	15	11
13995	8	17	0	13	0	2
210262	0	0	1	28	1	10
289973	3	6	5	3	13	10
331863	1	0	6	31	1	1
4296778	0	12	3	8	4	13
591245	0	6	6	20	6	2
590995	9	3	5	0	3	20
786081	5	1	12	9	9	4
192912	5	18	5	8	1	4
193484	0	12	1	1	23	4
196918	19	13	0	0	1	8
259684	8	3	2	28	0	0
296320	0	21	2	9	0	9
351967	1	8	3	3	16	10
194924	2	31	0	3	1	5
195465	6	26	6	1	1	2
28702	2	4	9	22	4	1
302300	1	2	5	14	18	2
318928	9	1	3	2	1	26
346474	29	0	4	8	0	1
432444	6	0	12	14	0	10
870421	0	0	42	0	0	0
111344	0	0	31	11	1	0
303037	2	17	4	4	0	16
346231	2	37	3	1	0	0
350910	4	8	12	6	13	0
564188	4	18	10	3	3	5
262632	9	1	9	2	23	0
317714	13	14	9	5	0	3
320121	2	4	3	7	13	15
347860	39	0	0	3	2	0
510286	38	0	0	6	0	0
174496	4	36	1	0	0	4
189866	3	26	0	1	1	14
199286	12	29	0	0	2	2
309564	4	13	6	5	3	14
318876	18	1	15	11	0	0
330414	7	29	3	0	4	2
337724	0	0	1	0	0	44
581384	10	1	0	0	4	30
105099	0	3	19	23	0	1
295854	1	27	6	1	1	10
309070	9	7	2	22	4	2
326265	3	0	14	10	13	6
583656	46	0	0	0	0	0
583958	12	6	11	8	4	5
196219	4	3	3	1	26	10
196518	10	2	4	5	2	24
311587	9	7	11	10	0	10
323135	1	0	0	0	0	46
339566	17	3	0	7	11	9
348358	12	11	0	2	5	17
353032	3	21	5	10	0	8
178760	3	11	2	3	4	25
2235415	3	11	24	7	0	3
292910	4	42	0	0	2	0
295629	5	21	7	7	0	8
313524	2	35	1	2	6	2
337468	9	10	13	7	8	1
338487	14	10	5	17	0	2
349036	2	7	13	14	10	2
547348	2	5	3	0	0	38
745650	0	31	3	7	2	5
3154070	10	5	4	0	20	10
320627	5	0	0	23	12	9
327209	0	0	42	6	0	1
344284	2	0	42	2	1	2
349204	9	3	28	6	3	0
359809	9	4	4	1	27	4
184320	8	6	11	12	0	13
307116	35	0	0	0	15	0
308646	3	46	0	0	0	1
526583	0	0	36	12	0	2
594265	5	0	26	13	0	6
138197	0	0	28	23	0	0
195177	13	27	1	1	3	6
301064	3	21	9	11	1	6
335311	1	22	8	4	2	14
580629	20	16	2	0	9	4
194297	7	0	7	1	1	36
215060	22	2	0	0	0	28
292909	2	19	13	6	6	6
1110312	1	48	1	0	3	0
300394	0	0	52	1	0	0
353088	1	48	0	1	1	2
4281639	10	11	6	1	22	3
521982	0	0	25	2	0	26
581388	51	0	1	1	0	0
195781	30	0	0	0	10	14
311684	6	11	5	14	11	7
344114	2	39	2	6	1	4
301812	6	3	15	3	19	9
314586	3	25	0	6	19	2
334734	8	36	7	0	4	0
4368795	29	25	0	0	1	0
182600	7	7	15	18	7	2
183533	52	0	0	0	0	4
198198	12	22	13	8	0	1
289968	3	53	0	0	0	0
343742	8	12	14	6	1	16
369416	10	3	10	19	6	9
4317896	4	25	9	8	0	11
288075	1	43	0	11	0	3
308419	0	10	23	6	19	0
327387	0	0	21	34	0	3
4449633	5	39	2	6	0	6
584408	0	1	34	23	0	0
293883	11	7	17	21	3	0
3025	9	50	0	0	0	0
4389035	6	7	1	0	24	21
99414	5	20	14	11	9	0
175037	11	7	0	9	30	3
178965	0	2	0	17	37	4
739387	9	16	1	6	5	23
94077	45	8	0	0	7	0
195651	23	16	12	7	1	2
199054	6	38	14	2	1	0
1110135	7	50	2	1	1	1
195123	5	10	0	1	21	25
292260	8	0	0	0	1	53
805699	16	13	0	0	1	32
26677	29	10	2	2	11	9
299673	0	0	62	1	0	0
350759	2	2	22	36	0	1
355625	0	8	12	11	3	29
540086	0	9	39	15	0	0
186090	1	3	20	30	5	5
288977	11	26	18	9	0	0
291591	5	3	2	3	50	1
304580	1	0	44	19	0	0
4133116	0	43	17	4	0	0
4370941	1	0	46	15	1	1
4438078	7	25	14	5	1	12
2198356	5	1	8	1	5	45
293104	23	0	18	24	0	0
297677	2	48	1	0	12	2
313854	9	15	15	11	12	3
344523	28	5	9	17	5	1
4322751	17	6	5	1	14	22
111028	9	7	22	23	0	5
156219	0	0	1	44	21	0
292506	0	19	0	0	47	0
308991	0	11	8	21	0	26
354515	7	13	4	7	26	9
191874	16	1	14	34	0	2
192437	10	17	17	10	4	9
327073	10	10	13	1	32	1
3409363	1	15	19	15	1	16
63459	0	0	0	67	0	0
428632	1	1	44	20	1	1
187470	2	20	15	12	2	18
189867	13	1	16	31	2	6
4452400	8	24	21	12	3	1
193895	6	0	31	1	30	2
300694	21	24	14	9	1	1
346639	0	37	0	12	5	16
524842	22	16	9	11	5	7
293097	6	38	18	2	0	7
584396	8	12	10	23	2	16
593868	0	0	0	28	0	43
180585	0	0	53	13	5	1
306778	19	15	8	12	18	0
509838	10	19	26	7	7	3
550674	15	0	0	0	8	49
310633	0	13	3	0	21	36
323903	18	9	26	14	5	1
341007	0	1	0	0	0	72
344288	34	3	6	2	3	25
355373	2	1	18	5	15	32
314095	4	56	11	3	0	0
344330	28	19	5	14	2	6
545236	0	71	1	0	1	1
172825	62	2	11	0	0	0
301089	3	28	30	6	1	7
302160	11	12	20	15	11	6
340642	12	27	0	1	0	35
44151	4	16	26	6	21	2
316342	18	0	1	57	0	0
356167	0	0	20	57	0	0
553080	23	3	2	11	38	0
260058	4	62	1	0	11	1
174571	0	21	35	24	0	0
184760	15	37	17	10	0	1
273657	6	27	30	13	0	4
346253	3	26	24	20	1	6
1579256	16	19	21	2	5	18
296040	0	0	3	16	62	0
299259	0	0	74	6	0	1
326390	1	10	38	29	3	0
335550	10	32	10	21	5	3
4385647	0	44	0	0	37	0
313089	0	15	1	5	41	20
317515	23	16	7	5	18	13
4450010	3	35	29	7	0	8
827702	0	3	6	35	11	27
183604	7	44	4	4	23	1
302972	4	53	14	9	3	0
230725	13	19	21	16	14	1
305460	12	18	5	0	49	0
351823	0	0	1	41	42	0
4483585	0	0	11	21	52	0
539124	1	20	0	2	0	61
562369	51	9	0	1	23	0
1517779	0	0	8	6	14	57
219733	9	11	8	6	9	42
347082	10	18	17	37	0	3
356138	0	83	0	2	1	0
565495	0	0	0	0	0	86
1105615	50	0	0	0	37	0
194177	4	39	38	2	0	4
277729	0	0	34	0	0	53
335097	11	28	29	13	6	1
843808	8	28	22	13	11	6
326921	0	0	0	0	89	0
341752	2	32	25	28	0	2
293990	9	77	2	2	1	0
4330226	19	25	13	9	24	1
299181	24	63	0	2	1	2
341139	3	39	21	6	5	18
775976	5	18	6	3	9	51
1112762	32	15	12	7	7	23
179200	44	14	21	15	1	2
568968	0	1	76	20	0	0
652823	31	8	16	21	4	17
357046	2	12	6	10	68	0
4355504	66	10	11	3	8	0
4412309	4	3	26	59	5	1
576400	9	12	36	29	7	5
333216	3	1	1	1	12	81
349546	1	14	0	82	2	0
4421273	8	8	60	8	11	4
174288	2	66	27	2	2	1
287744	6	9	6	42	38	1
3528445	0	0	99	3	0	0
176334	10	24	0	3	56	10
20221	0	57	15	24	2	5
291094	10	2	10	31	44	6
302878	73	0	21	9	0	0
592572	13	14	5	9	3	59
287924	16	88	0	0	0	0
297278	1	2	31	15	1	54
175520	8	13	6	25	6	48
187210	21	35	2	1	21	27
178117	0	2	6	93	0	7
95503	1	0	3	104	0	0
4310677	36	19	22	6	19	8
4435309	0	0	1	0	91	18
1105328	21	3	6	2	3	76
287875	17	42	13	18	5	16
368236	17	34	13	23	14	10
42492	16	33	27	4	10	21
299131	16	45	22	27	2	0
197970	13	47	26	23	1	2
277063	0	113	0	0	0	0
302115	27	7	18	18	43	0
575687	0	0	53	60	0	0
591464	0	28	6	1	78	0
253471	25	0	45	22	24	0
294518	0	0	43	73	0	0
537219	11	18	10	10	25	43
350551	4	71	29	14	1	0
4386437	19	36	30	27	4	3
4481195	31	49	2	5	2	30
332527	0	0	2	119	0	0
346559	5	2	28	70	11	5
511234	12	107	1	0	1	0
330193	33	25	24	22	5	13
331417	36	40	29	7	10	0
300267	12	38	18	27	3	25
321706	14	39	40	15	5	10
319981	17	26	23	34	23	2
4423384	10	54	12	43	5	1
346587	14	37	35	28	2	10
348085	6	0	0	1	89	30
350153	58	22	2	17	21	6
548692	4	0	39	80	3	0
181844	27	66	4	18	0	12
302632	17	4	0	2	1	105
326271	35	16	7	7	65	0
336468	1	11	10	51	57	1
512546	0	1	128	1	0	1
356394	0	0	119	13	0	0
513440	1	96	8	24	4	0
4296216	87	0	17	27	1	2
180121	5	28	62	13	23	5
591548	0	0	0	129	0	8
593008	15	47	10	5	38	22
766351	50	63	17	2	0	5
4366523	19	28	41	32	6	12
358112	26	32	23	49	0	11
199047	33	59	30	13	1	6
30569	36	31	0	33	38	5
329271	60	50	0	0	33	0
356405	23	30	33	27	28	5
446135	27	49	23	13	18	16
103975	0	0	0	0	0	147
578857	9	54	48	30	6	0
187720	14	42	7	2	5	78
191442	57	35	45	11	1	1
153647	0	87	24	16	21	3
4298022	77	59	1	0	14	0
874627	13	0	77	0	60	1
328825	15	8	75	45	9	0
574551	3	29	76	27	1	16
290222	35	34	37	42	6	0
16036	8	4	3	133	0	7
297440	0	0	126	31	0	0
4295444	0	0	156	1	0	0
332185	21	48	37	15	3	34
341823	31	41	18	24	22	22
320483	16	18	63	53	13	2
354890	0	0	0	149	0	17
582123	4	1	8	101	4	48
583117	30	105	0	0	4	27
4478840	20	97	9	18	20	3
333195	29	0	5	1	4	129
528362	91	59	5	5	6	3
842598	0	0	0	1	167	1
725212	1	9	20	12	112	16
312440	13	13	39	1	81	26
516305	26	40	104	3	0	0
313593	9	100	40	15	1	9
581463	21	30	33	76	13	1
565338	51	123	2	0	0	0
320378	15	163	0	0	0	0
95597	21	47	78	4	0	30
547714	2	109	54	15	1	0
198252	5	52	22	67	12	25
192563	183	0	1	0	0	0
291890	8	29	2	53	0	92
294370	33	2	18	122	3	6
296726	12	34	77	59	0	2
747563	60	85	4	0	7	29
211595	0	0	7	0	0	179
337993	8	134	9	14	22	0
413275	0	0	185	2	0	0
552251	97	0	52	36	4	0
177070	33	19	31	50	29	28
553654	14	119	0	1	0	56
263252	2	8	7	6	37	132
315831	29	28	5	12	114	4
192741	2	37	15	78	37	24
293471	30	53	39	20	43	9
4435578	19	20	1	18	120	17
302809	6	6	31	40	106	8
4305923	0	0	182	11	0	4
4317035	84	0	52	7	54	0
4381545	50	23	56	37	23	8
613697	187	1	4	0	1	4
355139	0	0	29	4	165	0
555945	0	10	166	24	0	0
292962	33	38	65	39	19	7
360808	93	98	4	0	2	7
570367	15	145	31	15	0	0
330532	71	94	7	35	0	0
108482	141	10	7	6	46	0
199337	35	27	109	34	0	6
287826	0	0	3	205	2	1
518287	8	59	42	24	4	74
278609	40	47	50	18	43	14
290472	59	62	1	0	0	92
1579254	47	49	16	28	23	53
197760	6	117	72	4	10	8
320370	12	25	14	41	126	0
186358	21	32	61	37	25	44
291828	23	26	66	37	51	17
353214	10	11	40	104	0	56
338644	6	51	20	18	86	42
351607	23	31	107	36	3	23
199534	28	6	114	44	29	9
4315786	49	35	1	26	22	98
173863	77	61	54	35	1	5
360329	28	100	0	0	0	105
1105552	4	63	143	5	9	10
314406	34	27	32	32	92	24
531238	7	149	0	23	61	1
195550	141	101	0	0	0	0
350255	29	36	88	76	8	5
180509	2	3	84	110	0	45
530177	56	35	112	12	17	12
2066542	0	0	34	210	1	0
291861	0	0	234	16	0	0
1076587	69	22	38	9	93	21
4372523	4	10	60	167	2	10
508788	29	93	44	47	29	11
294022	19	104	51	65	9	9
349458	13	68	14	43	0	121
740215	0	0	0	0	259	0
345301	49	11	100	42	56	3
331532	152	14	56	41	1	4
348065	31	88	12	18	16	104
350297	1	0	68	201	0	0
1122110	4	132	16	26	18	77
266371	57	42	81	59	34	1
193654	22	31	3	0	217	3
4311533	48	83	16	31	78	21
876705	0	0	0	0	81	198
291054	0	0	50	25	38	171
1111294	283	2	0	0	0	0
335844	3	49	44	126	24	39
327049	25	230	23	2	11	0
701221	21	171	20	2	40	38
587826	7	56	10	48	0	174
355291	84	74	3	83	0	52
353155	280	0	13	5	0	3
1110187	28	114	40	68	54	0
592065	141	0	0	102	65	0
180136	9	15	11	81	114	80
4365109	196	106	0	7	1	0
347043	14	68	84	120	13	14
296496	5	247	12	7	50	1
190844	123	0	88	2	103	8
338192	15	1	23	14	6	267
175704	1	5	2	16	303	0
693613	30	133	20	29	98	25
293470	46	60	117	53	41	19
796871	36	118	64	83	37	0
366633	110	16	20	140	7	46
74136	108	98	0	4	111	24
512522	13	23	25	79	178	30
557578	29	58	26	65	92	83
204352	37	49	75	75	47	72
290804	16	107	0	0	127	105
427159	0	0	351	5	0	0
313274	44	107	62	72	55	17
1101434	149	0	10	66	0	135
589277	150	3	61	1	145	1
191201	0	0	42	0	273	50
301156	46	293	1	0	3	23
293975	11	32	134	187	0	3
325098	17	137	32	44	1	136
345208	62	267	3	1	11	24
364179	66	165	2	0	114	23
4476780	229	42	0	0	1	98
346794	75	56	97	94	11	43
341263	76	275	9	0	1	24
362997	61	3	21	5	187	111
172705	55	249	63	3	16	3
313870	12	58	216	75	2	28
558420	1	3	50	54	11	275
296577	6	40	29	168	151	2
578016	32	74	83	3	99	115
292633	22	25	2	5	7	347
298552	81	0	136	157	32	2
366584	73	59	128	51	50	50
262024	38	67	86	31	4	192
335408	0	17	218	43	22	121
439880	43	166	113	82	18	4
153075	2	0	13	417	2	0
4315787	1	166	3	66	198	3
315837	11	1	84	12	332	0
311718	87	122	95	109	18	10
350467	42	37	82	23	148	110
514299	86	30	155	131	47	0
324219	0	0	261	184	0	5
516223	15	5	19	406	2	10
589071	35	65	46	2	207	102
1111921	0	66	99	183	0	118
301989	257	51	1	0	162	0
347188	65	69	199	85	37	21
157382	317	83	3	5	71	1
865090	0	0	302	180	0	0
560336	75	253	3	0	0	154
370217	0	0	364	84	39	0
3197419	75	180	94	65	8	69
556126	88	0	1	0	47	359
293918	50	217	3	196	0	39
365297	19	44	35	66	275	66
311128	36	39	105	176	21	129
313816	18	263	3	66	156	5
340223	7	151	186	170	3	1
356360	32	420	38	23	7	0
351292	65	6	16	1	49	390
584405	97	173	0	2	114	148
515552	61	456	0	0	28	0
322258	84	0	4	154	147	159
342703	60	115	62	182	106	41
42395	436	0	0	0	0	130
4424111	99	35	48	371	8	7
509433	0	0	330	115	125	0
526982	77	68	159	139	31	99
321106	16	145	170	253	0	9
4338990	0	38	195	76	288	0
324894	105	64	155	252	22	0
331116	24	174	222	176	1	5
301294	72	0	72	0	464	0
791522	0	0	0	0	275	336
514045	0	0	0	0	631	0
1113587	59	98	109	76	118	177
152612	0	0	667	0	0	0
402704	0	522	0	147	0	0
180107	339	326	0	4	0	1
288198	36	359	119	110	19	65
331043	56	60	121	4	294	173
273232	52	36	0	0	74	547
517583	58	553	1	92	10	2
4313377	92	99	282	257	5	5
4296772	363	7	194	179	4	13
327383	59	199	207	227	32	49
340261	133	315	1	0	34	297
4398588	215	0	42	83	450	0
305924	3	394	100	1	22	276
301109	0	0	24	38	0	737
349802	110	62	126	464	28	22
508968	46	684	40	20	4	24
288120	34	664	43	46	4	32
50779	0	0	150	0	0	675
158183	226	161	160	198	53	31
563591	80	207	14	37	57	444
295144	53	225	50	53	188	288
577562	122	136	35	91	244	229
297256	51	2	390	296	8	127
299184	176	127	46	221	286	29
229874	20	132	1	730	0	9
16649	602	146	4	5	134	2
300853	160	0	179	0	250	334
355859	337	34	251	243	58	0
349052	130	295	138	148	46	167
511594	46	249	18	4	425	192
356550	153	122	87	320	221	56
1110668	134	708	81	12	6	22
4295063	25	113	81	91	4	654
291055	52	886	25	7	13	0
20421	826	124	26	28	2	4
110161	446	192	0	11	165	201
450576	81	63	531	220	75	46
554055	0	3	166	72	777	0
541354	335	1	43	46	590	4
68844	0	1	483	575	0	0
398597	0	0	6	0	0	1061
302655	29	397	169	323	44	109
302388	1	11	505	340	228	3
318997	0	0	8	0	1088	1
297111	203	271	215	175	210	33
153168	2	458	77	584	0	0
287953	5	1038	21	60	0	0
303196	229	848	0	49	8	0
199226	0	25	0	243	771	102
295350	28	0	1115	3	0	0
47737	27	9	0	1	1135	0
1107175	0	46	29	2	783	339
300306	0	0	319	122	760	0
972100	92	872	20	18	151	48
531436	22	291	773	47	2	85
4474217	103	94	163	282	10	596
849440	0	0	136	872	0	240
586562	1174	7	29	19	9	119
292444	174	0	202	8	992	0
524439	330	361	187	169	16	320
686211	21	15	586	628	186	5
4366527	148	820	75	193	69	226
353322	1	11	6	187	1348	0
351063	109	675	340	300	8	146
4303852	8	29	1237	153	128	35
416215	178	814	326	268	13	3
592139	658	149	346	360	67	53
345763	285	291	153	179	569	161
298556	156	1346	0	22	5	120
347801	375	557	1	1	0	720
348839	31	158	8	64	254	1188
310957	109	977	129	76	361	83
1106101	1039	51	46	9	181	450
301392	3	0	3	0	1777	0
343483	0	3	414	265	316	834
4356697	405	220	239	18	315	691
318131	121	276	62	133	1169	229
343699	127	579	135	248	7	895
580421	82	223	697	931	67	17
3016478	314	1	80	41	62	1534
47862	1	1910	3	0	131	6
584710	0	0	980	778	313	4
162660	51	2	143	1928	1	2
4410441	0	0	0	2022	0	128
352647	361	519	356	371	458	92
528157	175	953	227	330	249	246
291158	52	0	304	50	1845	0
269532	378	374	896	420	102	82
517722	96	430	171	59	527	972
553245	26	104	1453	627	26	40
316452	215	769	48	105	150	994
529531	0	2428	0	0	0	0
851865	540	918	626	285	20	57
4456605	113	444	719	158	10	1080
100567	670	205	524	1219	87	1
333387	204	0	145	167	651	1553
436032	27	902	194	278	254	1099
1105668	67	1373	19	334	959	23
199281	0	0	32	0	0	2833
355615	333	2292	1	2	28	253
353782	96	249	1174	1410	95	167
577377	415	525	879	873	118	428
351927	558	3	1439	551	692	5
565357	254	252	22	10	2766	12
783291	995	6	1735	68	414	125
1109127	2924	0	35	0	389	0
320430	222	2469	444	381	24	473
4303724	2750	667	2	2	598	1
470117	1443	120	1055	1083	290	1385
350224	140	1710	1466	1322	2	957
4307383	4616	564	323	29	572	0
328905	1058	1327	1535	1404	738	295
511180	118	976	4043	1158	48	715
338153	459	26	1945	217	3913	857
172296	7930	0	85	0	1	1
352215	12	67	1750	2002	7039	10
292643	7	317	153	5303	2948	2505
337252	1089	1081	2573	3471	364	2795
355912	1918	1468	1351	3486	2897	694
333333	1350	3198	669	828	2229	4935
419245	1850	3028	3590	2556	5699	3074
291360	1	1	6718	8796	2	7846